N: 18
Wrench:
  -2.9970e-01   5.5748e-01   4.5726e-01  -1.3248e+01   3.2267e-01   1.3607e+01   1.3642e+00   1.9900e-05  -1.4281e+00   1.3344e+01   3.5932e-01  -1.3516e+01  -1.2950e+01   6.9418e+00   7.9556e+00  -1.3586e+01  -1.3307e+01  -1.0457e+01
  -8.0588e-01  -7.4560e-01   2.4830e-02  -2.7125e+00  -1.4222e+01  -3.3411e+00   3.8427e-01   4.8858e-01  -3.8217e-01  -1.6234e+00   1.2905e+01  -3.9910e-01  -1.1532e+00  -1.2531e+01   1.0329e+01  -1.7904e+00   3.8352e+00   8.6127e+00
   1.2991e+01   1.2954e+01   1.3146e+01   4.3437e-02  -2.8659e-01  -5.4840e-01  -1.4024e+01  -1.3289e+01  -1.3738e+01  -5.2856e-01  -4.0750e-01  -1.9508e-01   8.6618e-02  -3.1239e-01  -1.6500e-01  -6.3369e-01  -6.2693e-01  -6.5125e-01
  -9.3911e-02  -1.0326e-01  -1.6476e-01   1.9318e-01   9.7229e-01   1.4520e-01   7.6546e-02   3.0276e-02   1.0524e-01   5.9725e-02  -9.5862e-01   1.2054e-02   8.3377e-02   8.2820e-01  -7.9090e-01   1.2412e-01  -2.6983e-01  -6.1504e-01
  -9.5740e-02  -3.9923e-02  -3.3620e-02  -9.5890e-01   1.5110e-02   9.7858e-01   1.1568e-01   6.4271e-02  -3.9945e-02   9.8664e-01   3.1808e-02  -9.5636e-01  -9.5527e-01   4.8408e-01   5.7345e-01  -9.5240e-01  -9.3056e-01  -7.4911e-01
  -8.1110e-03   1.9048e-03   1.3156e-02  -1.3950e-01  -5.9385e-02   1.5579e-01  -2.5302e-02   1.5393e-02  -1.2708e-02   1.0743e-01   8.7474e-02  -1.0376e-01  -1.4514e-01  -3.1206e-02   1.4017e-01  -1.2906e-01  -1.1450e-01  -7.1505e-02

Quaternion:
   0.0056   0.0137   0.0114   0.0469   0.4900   0.7025   0.0440   0.6768   0.9912   0.0596   0.4727   0.7183   0.5262   0.1212   0.6571   0.5738   0.4736   0.3546
   0.9997   0.6076  -0.2444   0.7029   0.4837   0.0370  -0.0371  -0.0204   0.0058   0.6943  -0.4665   0.0443  -0.4296  -0.2337  -0.6821   0.4841   0.3778   0.2564
   0.0177   0.7941   0.9696   0.0836   0.5168   0.7069  -0.0123  -0.0333  -0.0386   0.0240  -0.5148  -0.6933  -0.5536   0.6606   0.1602  -0.4867  -0.5732  -0.6368
   0.0130   0.0037  -0.0084   0.7048   0.5088   0.0735   0.9983   0.7351   0.1262  -0.7168   0.5422   0.0386  -0.4819   0.7031   0.2779   0.4466   0.5517   0.6348

